Wir mussten feststellen, dass unsere Matrizen am Ende nicht gleich sind für
die Anzahl Prozesse (sequentiell und parallel). Leider wissen wir nicht warum,
aber wir glauben es passieren Fehler beim Zeilenaustausch während den Iterationen.


west7 mit mpirun -np 1 ./partdiff 1 2 64 2 2 5120 (1 Prozess)

Berechnungszeit:    44.783800 s 
Speicherbedarf:     4.141861 MiB
Berechnungsmethode: Jacobi
Interlines:         64
Stoerfunktion:      f(x,y) = 2pi^2*sin(pi*x)sin(pi*y)
Terminierung:       Anzahl der Iterationen
Anzahl Iterationen: 5120
Norm des Fehlers:   1.662227e-05

Matrix:
 0.0000 0.0000 0.0000 0.0000 0.0000 0.0000 0.0000 0.0000 0.0000
 0.0000 0.0131 0.0241 0.0315 0.0341 0.0315 0.0241 0.0131 0.0000
 0.0000 0.0241 0.0446 0.0583 0.0631 0.0583 0.0446 0.0241 0.0000
 0.0000 0.0315 0.0583 0.0761 0.0824 0.0761 0.0583 0.0315 0.0000
 0.0000 0.0341 0.0631 0.0824 0.0892 0.0824 0.0631 0.0341 0.0000
 0.0000 0.0315 0.0583 0.0761 0.0824 0.0761 0.0583 0.0315 0.0000
 0.0000 0.0241 0.0446 0.0583 0.0631 0.0583 0.0446 0.0241 0.0000
 0.0000 0.0131 0.0241 0.0315 0.0341 0.0315 0.0241 0.0131 0.0000
 0.0000 0.0000 0.0000 0.0000 0.0000 0.0000 0.0000 0.0000 0.0000

west7 mit mpirun -np 8 ./partdiff 1 2 64 2 2 5120

Berechnungszeit:    5.746610 s 
Speicherbedarf:     4.253159 MiB
Berechnungsmethode: Jacobi
Interlines:         64
Stoerfunktion:      f(x,y) = 2pi^2*sin(pi*x)sin(pi*y)
Terminierung:       Anzahl der Iterationen
Anzahl Iterationen: 5120
Norm des Fehlers:   3.427380e-06

Matrix:
 0.0000 0.0000 0.0000 0.0000 0.0000 0.0000 0.0000 0.0000 0.0000
 0.0000 0.0062 0.0115 0.0150 0.0163 0.0150 0.0115 0.0062 0.0000
 0.0000 0.0068 0.0126 0.0165 0.0178 0.0165 0.0126 0.0068 0.0000
 0.0000 0.0068 0.0126 0.0165 0.0179 0.0165 0.0126 0.0068 0.0000
 0.0000 0.0068 0.0126 0.0165 0.0179 0.0165 0.0126 0.0068 0.0000
 0.0000 0.0068 0.0126 0.0165 0.0179 0.0165 0.0126 0.0068 0.0000
 0.0000 0.0068 0.0126 0.0165 0.0178 0.0165 0.0126 0.0068 0.0000
 0.0000 0.0063 0.0117 0.0152 0.0165 0.0152 0.0117 0.0063 0.0000
 0.0000 0.0000 0.0000 0.0000 0.0000 0.0000 0.0000 0.0000 0.0000

west3 mit mpirun -np 1 ./partdiff 1 2 64 2 2 5120 (1 Prozess)

Berechnungszeit:    44.624218 s 
Speicherbedarf:     4.141861 MiB
Berechnungsmethode: Jacobi
Interlines:         64
Stoerfunktion:      f(x,y) = 2pi^2*sin(pi*x)sin(pi*y)
Terminierung:       Anzahl der Iterationen
Anzahl Iterationen: 5120
Norm des Fehlers:   1.662227e-05

Matrix:
 0.0000 0.0000 0.0000 0.0000 0.0000 0.0000 0.0000 0.0000 0.0000
 0.0000 0.0131 0.0241 0.0315 0.0341 0.0315 0.0241 0.0131 0.0000
 0.0000 0.0241 0.0446 0.0583 0.0631 0.0583 0.0446 0.0241 0.0000
 0.0000 0.0315 0.0583 0.0761 0.0824 0.0761 0.0583 0.0315 0.0000
 0.0000 0.0341 0.0631 0.0824 0.0892 0.0824 0.0631 0.0341 0.0000
 0.0000 0.0315 0.0583 0.0761 0.0824 0.0761 0.0583 0.0315 0.0000
 0.0000 0.0241 0.0446 0.0583 0.0631 0.0583 0.0446 0.0241 0.0000
 0.0000 0.0131 0.0241 0.0315 0.0341 0.0315 0.0241 0.0131 0.0000
 0.0000 0.0000 0.0000 0.0000 0.0000 0.0000 0.0000 0.0000 0.0000

west3 mit mpirun -np 8 ./partdiff 1 2 64 2 2 5120

Berechnungszeit:    5.656164 s 
Speicherbedarf:     4.253159 MiB
Berechnungsmethode: Jacobi
Interlines:         64
Stoerfunktion:      f(x,y) = 2pi^2*sin(pi*x)sin(pi*y)
Terminierung:       Anzahl der Iterationen
Anzahl Iterationen: 5120
Norm des Fehlers:   3.427380e-06

Matrix:
 0.0000 0.0000 0.0000 0.0000 0.0000 0.0000 0.0000 0.0000 0.0000
 0.0000 0.0062 0.0115 0.0150 0.0163 0.0150 0.0115 0.0062 0.0000
 0.0000 0.0068 0.0126 0.0165 0.0178 0.0165 0.0126 0.0068 0.0000
 0.0000 0.0068 0.0126 0.0165 0.0179 0.0165 0.0126 0.0068 0.0000
 0.0000 0.0068 0.0126 0.0165 0.0179 0.0165 0.0126 0.0068 0.0000
 0.0000 0.0068 0.0126 0.0165 0.0179 0.0165 0.0126 0.0068 0.0000
 0.0000 0.0068 0.0126 0.0165 0.0178 0.0165 0.0126 0.0068 0.0000
 0.0000 0.0063 0.0117 0.0152 0.0165 0.0152 0.0117 0.0063 0.0000
 0.0000 0.0000 0.0000 0.0000 0.0000 0.0000 0.0000 0.0000 0.0000